0 3
1 1
2 17
3 12
4 70
5 2
6 51
7 22
8 1
9 1
10 16
11 31
12 1
13 12
14 1
15 15
16 15
17 7
18 2
19 1
20 9
21 2
22 5
23 1
24 2
25 1
26 15
27 1
28 2
29 48
30 1
31 3
32 2
33 7
34 3
35 11
36 2
37 3
38 31
39 4
40 8
41 1
42 2
43 2
44 52
45 2
46 43
47 1
48 2
49 1
50 3
51 1
52 1
53 2
54 1
55 16
56 2
57 7
58 8
59 6
60 1
61 1
62 22
63 2
64 1
65 2
66 9
67 3
68 2
69 3
70 4
71 2
72 2
73 3
74 4
75 1
76 2
77 2
78 3
79 3
80 1
81 2
82 13
83 2
84 6
85 12
86 4
87 6
88 5
89 1
90 8
91 25
92 5
93 1
94 11
95 5
96 2
97 1
98 8
99 9
100 1
101 1
102 5
103 2
104 1
105 1
106 5
107 9
108 1
109 4
110 1
111 13
112 4
113 1
114 1
115 3
116 6
117 2
118 1
119 1
120 1
121 2
122 4
123 5
124 2
125 3
126 2
127 17
128 3
129 1
130 3
131 2
132 2
133 10
134 4
135 1
136 2
137 2
138 2
139 6
140 8
141 4
142 7
143 1
144 2
145 13
146 8
147 3
148 1
149 1
150 1
151 31
152 2
153 1
154 2
155 1
156 4
157 7
158 1
159 1
160 15
161 1
162 8
163 9
164 1
165 1
166 2
167 1
168 6
169 2
170 46
171 1
172 1
173 3
174 1
175 2
176 11
177 5
178 1
179 28
180 3
181 1
182 1
183 19
184 1
185 15
186 83
187 1
188 1
189 1
190 1
191 1
192 2
193 1
194 11
195 2
196 9
197 4
198 3
199 2
200 1
201 1
202 131
203 2
204 2
205 2
206 1
207 2
208 3
209 50
210 1
211 4
212 2
213 1
214 1
215 1
216 1
217 1
218 3
219 11
220 3
221 3
222 2
223 3
224 3
225 2
226 2
227 2
228 3
229 4
230 1
231 3
232 2
233 1
234 3
235 2
236 1
237 2
238 1
239 3
240 52
241 7
242 3
243 2
244 2
245 3
246 2
247 1
248 1
249 27
250 1
251 21
252 3
253 1
254 3
255 28
256 4
257 3
258 1
259 2
260 1
261 1
262 3
263 2
264 3
265 4
266 4
267 4
268 3
269 9
270 5
271 2
272 4
273 28
274 2
275 10
276 1
277 12
278 8
279 5
280 2
281 19
282 1
283 2
284 2
285 3
286 16
287 9
288 6
289 3
290 4
291 1
292 2
293 2
294 1
295 2
296 1
297 1
298 1
299 1
300 1
301 2
302 5
303 1
304 41
305 9
306 1
307 3
308 2
309 6
310 1
311 10
312 1
313 1
314 10
315 3
316 3
317 3
318 1
319 1
320 1
321 3
322 1
323 2
324 3
325 1
326 1
327 1
328 1
329 1
330 1
331 1
332 1
333 2
334 1
335 2
336 1
337 1
338 1
339 26
340 3
341 2
342 3
343 1
344 1
345 1
346 1
347 4
348 1
349 1
350 5
351 1
352 15
353 1
354 1
355 2
356 56
357 2
358 1
359 10
360 1
361 1
362 1
363 2
364 1
365 1
366 2
367 1
368 1
369 1
370 1
371 3
372 1
373 9
374 1
375 1
376 1
377 14
378 4
379 1
380 2
381 1
382 3
383 8
384 2
385 1
386 1
387 1
388 1
389 2
390 1
391 1
392 4
393 2
394 1
395 2
396 1
397 4
398 3
399 4
400 3
401 2
402 93
403 1
404 2
405 1
406 1
407 2
408 2
409 1
410 1
411 1
412 1
413 2
414 1
415 1
416 7
417 1
418 5
419 3
420 2
421 3
422 1
423 4
424 1
425 5
426 1
427 2
428 2
429 1
430 3
431 9
432 2
433 3
434 33
435 4
436 5
437 2
438 1
439 1
440 3
441 1
442 1
443 2
444 9
445 6
446 1
447 64
448 1
449 2
450 1
451 11
452 3
453 8
454 7
455 52
456 2
457 1
458 1
459 7
460 2
461 3
462 2
463 2
464 3
465 2
466 126
467 1
468 2
469 3
470 10
471 1
472 2
473 2
474 2
475 29
476 1
477 13
478 1
479 3
480 1
481 2
482 4
483 1
484 1
485 1
486 1
487 1
488 2
489 1
490 1
491 1
492 1
493 7
494 1
495 2
496 6
497 2
498 2
499 5
500 5
501 5
502 1
503 2
504 1
505 2
506 2
507 1
508 1
509 1
510 1
511 11
512 1
513 1
514 1
515 3
516 33
517 1
518 3
519 1
520 1
521 1
522 2
523 1
524 1
525 1
526 1
527 1
528 1
529 1
530 1
531 1
532 2
533 2
534 1
535 2
536 2
537 1
538 73
539 1085
540 7
541 5
542 27
543 79
544 1
545 17
546 3
547 15
548 20
549 2
550 7
551 65
552 4
553 92
554 1
555 67
556 2
557 39
558 2
559 1
560 8
561 7
562 7
563 1
564 1
565 4
566 87
567 1
568 1
569 4
570 2
571 5
572 3
573 4
574 4
575 6
576 8
577 10
578 3
579 1
580 12
581 1
582 1
583 25
584 3
585 4
586 4
587 3
588 1
589 49
590 5
591 4
592 4
593 63
594 4
595 1
596 1
597 5
598 7
599 49
600 3
601 5
602 3
603 2
604 2
605 4
606 1
607 5
608 11
609 3
610 6
611 5
612 2
613 1
614 1
615 1
616 91
617 2
618 2
619 3
620 19
621 2
622 1
623 2
624 5
625 2
626 4
627 5
628 2
629 1
630 58
631 1
632 2
633 5
634 16
635 1
636 1
637 2
638 1
639 1
640 3
641 4
642 1
643 4
644 1
645 1
646 1
647 6
648 2
649 2
650 1
651 10
652 90
653 1
654 147
655 25
656 26
657 18
658 1
659 144
660 9
661 58
662 19
663 12
664 6
665 8
666 8
667 3
668 2
669 9
670 1
671 14
672 31
673 3
674 42
675 3
676 6
677 4
678 2
679 6
680 1
681 3
682 1
683 3
684 8
685 6
686 1
687 4
688 2
689 1
690 16
691 5
692 1
693 2
694 10
695 7
696 2
697 11
698 13
699 1
700 4
701 6
702 6
703 4
704 2
705 180
706 13
707 15
708 4
709 6
710 11
711 1
712 1
713 5
714 4
715 9
716 84
717 5
718 47
719 2
720 1
721 46
722 6
723 2
724 2
725 4
726 5
727 42
728 13
729 19
730 44
731 30
732 1
733 6
734 3
735 4
736 14
737 12
738 116
739 2
740 1
741 3
742 7
743 8
744 2
745 3
746 24
747 5
748 7
749 2
750 2
751 55
752 3
753 7
754 1
755 6
756 4
757 1
758 1
759 16
760 2
761 3
762 2
763 1
764 5
765 5
766 2
767 3
768 1
769 1
770 3
771 21
772 1
773 22
774 11
775 1
776 1
777 18
778 2
779 3
780 3
781 3
782 93
783 1
784 13
785 6
786 2
787 4
788 1
789 21
790 4
791 8
792 2
793 1
794 4
795 14
796 1
797 4
798 7
799 4
800 2
801 778
802 2
803 23
804 33
805 2
806 21
807 1
808 6
809 1
810 3
811 1
812 3
813 3
814 4
815 5
816 25
817 4
818 2
819 1
820 2
821 5
822 7
823 1
824 1
825 1
826 1
827 7
828 3
829 1
830 1
831 3
832 4
833 18
834 9
835 4
836 4
837 1
838 2
839 3
840 2
841 7
842 7
843 1
844 6
845 4
846 5
847 19
848 10
849 4
850 4
851 7
852 5
853 1
854 2
855 9
856 8
857 5
858 6
859 2
860 3
861 1
862 69
863 6
864 4
865 5
866 1
867 25
868 1
869 1
870 35
871 3
872 1
873 4
874 3
875 2
876 3
877 1
878 2
879 12
880 2
881 15
882 1
883 2
884 4
885 2
886 19
887 8
888 3
889 2
890 1
891 3
892 1
893 6
894 2
895 1
896 4
897 4
898 16
899 27
900 2
901 17
902 1
903 2
904 5
905 1
906 4
907 1
908 1
909 2
910 2
911 3
912 2
913 3
914 25
915 1
916 1
917 5
918 3
919 1
920 3
921 5
922 4
923 1
924 1
925 1
926 1
927 1
928 1
929 1
930 4
931 3
932 2
933 1
934 4
935 2
936 4
937 8
938 2
939 1
940 23
941 3
942 20
943 1
944 1
945 1
946 7
947 1
948 1
949 2
950 5
951 4
952 1
953 5
954 1
955 3
956 15
957 1
958 4
959 1
960 1
961 85
962 1
963 6
964 3
965 5
966 2
967 2
968 2
969 4
970 6
971 5
972 4
973 5
974 9
975 6
976 8
977 3
978 1
979 6
980 2
981 6
982 1
983 3
984 9
985 1
986 5
987 40
988 3
989 2
990 1
991 4
992 2
993 1
994 2
995 1
996 4
997 1
998 1
999 2
1000 3
1001 24
1002 1
1003 2
1004 2
1005 2
1006 2
1007 1
1008 1
1009 22
1010 21
1011 7
1012 1
1013 2
1014 1
1015 2
1016 1
1017 61
1018 2
1019 2
1020 2
1021 1
1022 2
1023 1
1024 1
1025 4
1026 2
1027 8
1028 2
1029 2
1030 7
1031 18
1032 3
1033 4
1034 8
1035 4
1036 12
1037 3
1038 2
1039 3
1040 3
1041 2
1042 2
1043 41
1044 10
1045 1
1046 1
1047 1
1048 41
1049 3
1050 6
1051 4
1052 7
1053 2
1054 6
1055 3
1056 1
1057 1
1058 8
1059 1
1060 5
1061 1
1062 1
1063 2
1064 2
1065 3
1066 1
1067 6
1068 4
1069 19
1070 1
1071 8
1072 3
1073 3
1074 1
1075 2
1076 2
1077 3
1078 2
1079 2
1080 2
1081 2
1082 2
1083 3
1084 4
1085 6
1086 3
1087 1
1088 4
1089 3
1090 1
1091 23
1092 1
1093 5
1094 4
1095 3
1096 2
1097 1
1098 4
1099 3
1100 5
1101 2
1102 1
1103 1
1104 35
1105 1
1106 1
1107 1
1108 1
1109 2
1110 4
1111 9
1112 1
1113 9
1114 2
1115 1
1116 2
1117 2
1118 5
1119 2
1120 120
1121 7
1122 4
1123 7
1124 1
1125 1
1126 4
1127 4
1128 1
1129 6
1130 25
1131 2
1132 3
1133 1
1134 7
1135 67
1136 20
1137 2
1138 2
1139 61
1140 9
1141 2
1142 10
1143 7
1144 74
1145 2
1146 1
1147 1
1148 2
1149 71
1150 2
1151 35
1152 2
1153 2
1154 1
1155 3
1156 2
1157 2
1158 2
1159 2
1160 3
1161 1
1162 2
1163 120
1164 1
1165 2
1166 1
1167 8
1168 1
1169 1
1170 2
1171 1
1172 2
1173 2
1174 2
1175 11
1176 14
1177 1
1178 1
1179 4
1180 26
1181 1
1182 3
1183 2
1184 1
1185 57
1186 7
1187 5
1188 1
1189 2
1190 1
1191 16
1192 1
1193 9
1194 10
1195 1
1196 4
1197 1
1198 570
1199 2
1200 1
1201 3
1202 46
1203 2
1204 4
1205 1
1206 1
1207 30
1208 8
1209 13
1210 4
1211 1
1212 12
1213 37
1214 1
1215 3
1216 9
1217 34
1218 16
1219 2
1220 12
1221 5
1222 23
1223 106
1224 2
1225 19
1226 539
1227 1
1228 24
1229 840
1230 1
1231 2
1232 11
1233 3
1234 3
1235 1
1236 168
1237 8
1238 287
1239 16
1240 32
1241 4
1242 1
1243 80
1244 1
1245 1
1246 18
1247 8
1248 2
1249 50
1250 1
1251 32
1252 24
1253 2
1254 113
1255 1
1256 1
1257 2
1258 1
1259 1
1260 1
1261 1
1262 39
1263 2
1264 1
1265 1
1266 1
1267 4
1268 1
1269 1
1270 1
1271 1
1272 1
1273 1
1274 1
1275 2
1276 1
1277 1
1278 1
1279 1
1280 1
1281 1
1282 2
1283 3
1284 1
1285 1
1286 1
1287 1
1288 1
1289 1
1290 5
1291 1
1292 1
1293 3
1294 187
1295 12
1296 21
1297 133
1298 4
1299 14
1300 68
1301 1
1302 3
1303 7
1304 2
1305 4
1306 4
1307 11
1308 2
1309 36
1310 3
1311 4
1312 149
1313 199
1314 2
1315 34
1316 9
1317 304
1318 1
1319 194
1320 2
1321 1
1322 2
1323 13
1324 1
1325 23
1326 1
1327 46
1328 4
1329 2
1330 10
1331 1
1332 6
1333 22
1334 15
1335 61
1336 13
1337 16
1338 18
1339 1
1340 39
1341 78
1342 147
1343 38
1344 2
1345 3
1346 16
1347 4
1348 1
1349 2
1350 2
1351 1
1352 2
1353 3
1354 1
1355 18
1356 1
1357 3
1358 1
1359 5
1360 4
1361 51
1362 1
1363 2
1364 4
1365 17
1366 1
1367 20
1368 5
1369 78
1370 41
1371 3
1372 3
1373 42
1374 3
1375 58
1376 15
1377 68
1378 49
1379 13
1380 3
1381 8
1382 12
1383 3
1384 18
1385 1
1386 1
1387 1
1388 19
1389 22
1390 5
1391 1
1392 1
1393 40
1394 1
1395 15
1396 2
1397 11
1398 9
1399 1
1400 5
1401 2
1402 2
1403 6
1404 1
1405 1
1406 8
1407 1
1408 7
1409 29
1410 2
1411 635
1412 3
1413 4
1414 3
1415 5
1416 3
1417 1
1418 12
1419 3
1420 2
1421 4
1422 2
1423 1
1424 1
1425 3
1426 10
1427 1
1428 1
1429 1
1430 10
1431 1
1432 3
1433 19
1434 1
1435 1
1436 1
1437 1
1438 1
1439 8
1440 1
1441 121
1442 19
1443 1
1444 1
1445 3
1446 1
1447 2
1448 4
1449 1
1450 8
1451 6
1452 3
1453 3
1454 157
1455 26
1456 84
1457 1
1458 1
1459 4
1460 1
1461 2
1462 1
1463 36
1464 25
1465 1
1466 8
1467 1
1468 3
1469 2
1470 1
1471 6
1472 87
1473 41
1474 2
1475 38
1476 7
1477 1
1478 3
1479 1
1480 1
1481 1
1482 1
1483 2
1484 1
1485 3
1486 7
1487 1
1488 5
1489 4
1490 2
1491 22
1492 656
1493 1
1494 7
1495 1
1496 6
1497 2
1498 8
1499 1
1500 8
1501 1
1502 2
1503 2
1504 2
1505 1
1506 15
1507 2
1508 1
1509 5
1510 3
1511 1
1512 3
1513 2
1514 2
1515 1
1516 1
1517 3
1518 1
1519 1
1520 1
1521 20
1522 16
1523 101
1524 3
1525 12
1526 2
1527 1
1528 50
1529 1
1530 38
1531 11
1532 2
1533 391
1534 21
1535 6
1536 23
1537 2
1538 1
1539 17
1540 1
1541 1
1542 1
1543 118
1544 10
1545 2
1546 1
1547 10
1548 12
1549 1
1550 38
1551 1
1552 15
1553 2
1554 1
1555 2
1556 13
1557 37
1558 3
1559 6
1560 2
1561 30
1562 50
1563 31
1564 3
1565 74
1566 329
1567 1
1568 13
1569 2
1570 1
1571 4
1572 1
1573 2
1574 26
1575 5
1576 43
1577 5
1578 13
1579 1
1580 4
1581 12
1582 12
1583 88
1584 8
1585 2
1586 2
1587 2
1588 12
1589 1
1590 13
1591 1
1592 11
1593 3
1594 1
1595 4
1596 36
1597 1
1598 1
1599 26
1600 18
1601 1
1602 37
1603 14
1604 1
1605 2
1606 6
1607 1
1608 1
1609 5
1610 1
1611 1
1612 2
1613 5
1614 3
1615 1
1616 2
1617 3
1618 13
1619 11
1620 12
1621 1
1622 36
1623 65
1624 3
1625 1
1626 3
1627 7
1628 1
1629 8
1630 1
1631 6
1632 1
1633 160
1634 5
1635 120
1636 3
1637 1
1638 4
1639 3
1640 3
1641 8
1642 76
1643 2
1644 1
1645 2
1646 226
1647 3
1648 1
1649 21
1650 4
1651 3
1652 3
1653 3
1654 14
1655 1
1656 3
1657 5
1658 1
1659 2
1660 1
1661 2
1662 14
1663 1
1664 1
1665 1
1666 13
1667 1
1668 24
1669 1
1670 7
1671 26
1672 155
1673 1
1674 1
1675 62
1676 26
1677 7
1678 10
1679 8
1680 2
1681 118
1682 594
1683 10
1684 2
1685 1
1686 1
1687 37
1688 2
1689 1
1690 11
1691 11
1692 74
1693 6
1694 1
1695 53
1696 2
1697 33
1698 4
1699 5
1700 1
1701 35
1702 8
1703 1
1704 18
1705 2
1706 1
1707 15
1708 1
1709 2
1710 16
1711 18
1712 1
1713 11
1714 2
1715 2
1716 2
1717 17
1718 6
1719 11
1720 26
1721 1
1722 1
1723 14
1724 6
1725 2
1726 1
1727 152
1728 26
1729 1
1730 1
1731 1
1732 1
1733 15
1734 1
1735 6
1736 15
1737 3
1738 1
1739 18
1740 11
1741 103
1742 5
1743 1
1744 11
1745 2
1746 13
1747 1
1748 1
1749 14
1750 486
1751 1
1752 2
1753 24
1754 2
1755 9
1756 318
1757 6
1758 304
1759 1
1760 1
1761 91
1762 2
1763 312
1764 6
1765 298
1766 292
1767 275
1768 261
1769 275
1770 258
1771 237
1772 258
1773 278
1774 1
1775 225
1776 285
1777 250
1778 217
1779 293
1780 1
1781 241
1782 224
1783 50
1784 2
1785 11
1786 11
1787 15
1788 23
1789 5
1790 50
1791 2
1792 15
1793 3
1794 6
1795 2
1796 9
1797 1
1798 4
1799 140
1800 39
1801 3
1802 39
1803 1
1804 2
1805 12
1806 32
1807 30
1808 33
1809 2
1810 18
1811 14
1812 10
1813 5
1814 18
1815 4
1816 5
1817 5
1818 5
1819 368
1820 4
1821 6
1822 9
1823 3
1824 14
1825 13
1826 1
1827 1
1828 7
1829 7
1830 2
1831 9
1832 8
1833 1
1834 1
1835 1
1836 397
1837 4
1838 6
1839 1
1840 7
1841 6
1842 2
1843 1
1844 3
1845 1
1846 1
1847 7
1848 1
1849 1
1850 2
1851 52
1852 13
1853 1
1854 2
1855 1
1856 1
1857 1
1858 3
1859 1
1860 25
1861 9
1862 1
1863 1
1864 1
1865 5
1866 4
1867 1
1868 3
1869 1
1870 2
1871 4
1872 1
1873 38
1874 3
1875 7
1876 2
1877 2
1878 1
1879 4
1880 6
1881 3
1882 5
1883 2
1884 13
1885 3
1886 1
1887 1
1888 1
1889 1
1890 8
1891 7
1892 1
1893 7
1894 9
1895 6
1896 13
1897 7
1898 17
1899 64
1900 7
1901 1
1902 2
1903 16
1904 1
1905 3
1906 1
1907 1
1908 1
1909 6
1910 4
1911 2
1912 264
1913 2
1914 4
1915 25
1916 11
1917 23
1918 59
1919 3
1920 2
1921 3
1922 65
1923 12
1924 1
1925 4
1926 1
1927 2
1928 49
1929 4
1930 1
1931 11
1932 2
1933 21
1934 6
1935 3
1936 3
1937 1
1938 5
1939 3
1940 2
1941 2
1942 70
1943 239
1944 2
1945 9
1946 10
1947 1
1948 4
1949 11
1950 37
1951 3
1952 4
1953 23
1954 23
1955 90
1956 140
1957 2
1958 15
1959 8
1960 3
1961 3
1962 1
1963 24
1964 32
1965 27
1966 48
1967 10
1968 54
1969 1
1970 5
1971 7
1972 2
1973 6
1974 30
1975 11
1976 1
1977 2
1978 44
1979 12
1980 21
1981 1
1982 1
1983 20
1984 9
1985 4
1986 10
1987 5
1988 13
1989 15
1990 3
1991 1
1992 2
1993 3
1994 7
1995 69
1996 1
1997 27
1998 21
1999 31
2000 15
2001 3
2002 1
2003 1
2004 1
2005 3
2006 8
2007 1
2008 4
2009 4
2010 1
2011 36
2012 1
2013 25
2014 9
2015 5
2016 1
2017 26
2018 82
2019 14
2020 938
2021 1
2022 1
2023 1
2024 8
2025 6
2026 16
2027 1
2028 2
2029 3
2030 6
2031 6
2032 11
2033 4
2034 2
2035 15
2036 7
2037 1
2038 1
2039 5
2040 1
2041 11
2042 7
2043 2
2044 2
2045 2
2046 15
2047 14
2048 35
2049 26
2050 7
2051 5
2052 78
2053 7
2054 29
2055 10
2056 5
2057 6
2058 7
2059 1
2060 4
2061 14
2062 3
2063 2
2064 1
2065 1
2066 12
2067 2
2068 7
2069 2
2070 1
2071 5
2072 4
2073 1
2074 1
2075 19
2076 1
2077 3
2078 12
2079 12
2080 16
2081 1
2082 6
2083 9
2084 1
2085 12
2086 21
2087 1
2088 1
2089 27
2090 11
2091 2
2092 5
2093 2
2094 9
2095 1
2096 4
2097 19
2098 4
2099 7
2100 1
2101 3
2102 1
2103 1
2104 3
2105 6
2106 7
2107 11
2108 1
2109 5
2110 1
2111 95
2112 5
2113 5
2114 5
2115 41
2116 9
2117 10
2118 14
2119 1
2120 11
2121 1
2122 1
2123 9
2124 12
2125 2
2126 14
2127 2
2128 1
2129 13
2130 1
2131 7
2132 1
2133 4
2134 2
2135 1
2136 1
2137 1
2138 1
2139 2
2140 13
2141 1
2142 1
2143 1
2144 8
2145 5
2146 1
2147 2
2148 15
2149 3
2150 4
2151 21
2152 1
2153 1
2154 5
2155 3
2156 4
2157 1
2158 2
2159 5
2160 6
2161 12
2162 13
2163 2
2164 2
2165 19
2166 1
2167 2
2168 4
2169 5
2170 2
2171 1
2172 13
2173 3
2174 1
2175 2
2176 1
2177 3
2178 4
2179 3
2180 4
2181 11
2182 2
2183 1
2184 3
2185 1
2186 9
2187 1
2188 5
2189 51
2190 3
2191 3
2192 1
2193 1
2194 10
2195 8
2196 1
2197 9
2198 24
2199 3
2200 1
2201 53
2202 19
2203 6
2204 3
2205 2
2206 1
2207 2
2208 1
2209 10
2210 2
2211 5
2212 16
2213 5
2214 4
2215 2
2216 2
2217 1
2218 36
2219 1
2220 5
2221 1
2222 226
2223 2
2224 5
2225 1
2226 4
2227 13
2228 2
2229 2
2230 9
2231 3
2232 3
2233 9
2234 2
2235 3
2236 1
2237 1
2238 21
2239 2
2240 6
2241 27
2242 1
2243 8
2244 6
2245 2
2246 8
2247 2
2248 2
2249 102
2250 22
2251 20
2252 1
2253 2
2254 11
2255 9
2256 8
2257 12
2258 1
2259 3
2260 8
2261 6
2262 3
2263 1
2264 3
2265 2
2266 1
2267 1
2268 1
2269 19
2270 8
2271 1
2272 1
2273 39
2274 6
2275 12
2276 4
2277 17
2278 11
2279 3
2280 10
2281 2
2282 2
2283 5
2284 44
2285 3
2286 1
2287 9
2288 2
2289 1
2290 3
2291 1
2292 2
2293 1
2294 25
2295 5
2296 3
2297 1
2298 2
2299 1
2300 4
2301 1
2302 2
2303 66
2304 7
2305 1
2306 25
2307 3
2308 1
2309 2
2310 12
2311 7
2312 1
2313 7
2314 1
2315 39
2316 1
2317 7
2318 3
2319 2
2320 1
2321 1
2322 25
2323 2
2324 1
2325 52
2326 1
2327 1
2328 1
2329 2
2330 10
2331 43
2332 4
2333 7
2334 8
2335 7
2336 1
2337 5
2338 2
2339 4
2340 7
2341 14
2342 5
2343 54
2344 1
2345 2
2346 2
2347 1
2348 9
2349 36
2350 19
2351 17
2352 1
2353 8
2354 2
2355 1
2356 1
2357 5
2358 3
2359 7
2360 1
2361 4
2362 7
2363 348
2364 3
2365 5
2366 31
2367 3
2368 2
2369 2
2370 6
2371 2
2372 19
2373 17
2374 9
2375 2
2376 1
2377 1
2378 1
2379 1
2380 13
2381 2
2382 4
2383 4
2384 4
2385 2
2386 48
2387 2
2388 2
2389 1
2390 12
2391 2
2392 11
2393 6
2394 17
2395 35
2396 1
2397 2
2398 65
2399 1
2400 22
2401 2
2402 4
2403 14
2404 9
2405 6
2406 2
2407 6
2408 1
2409 18
2410 1
2411 19
2412 2
2413 4
2414 6
2415 1
2416 1
2417 1
2418 16
2419 73
2420 2
2421 1
2422 44
2423 8
2424 5
2425 23
2426 1
2427 15
2428 2
2429 7
2430 1
2431 9
2432 3
2433 4
2434 1
2435 5
2436 11
2437 1
2438 4
2439 5
2440 4
2441 3
2442 3
2443 2
2444 33
2445 12
2446 2
2447 1
2448 17
2449 7
2450 18
2451 15
2452 3
2453 15
2454 1
2455 21
2456 2
2457 2
2458 1
2459 20
2460 6
2461 1
2462 2
2463 11
2464 2
2465 9
2466 1
2467 2
2468 2
2469 1
2470 2
2471 2
2472 4
2473 8
2474 1
2475 15
2476 1
2477 1
2478 18
2479 1
2480 32
2481 1
2482 10
2483 5
2484 1
2485 12
2486 1
2487 1
2488 6
2489 1
2490 1
2491 1
2492 1
2493 1
2494 1
2495 1
2496 5
2497 1
2498 160
2499 1
2500 1
2501 1
2502 9
2503 15
2504 2
2505 2
2506 2
2507 1
2508 1
2509 9
2510 10
2511 3
2512 3
2513 7
2514 1
2515 1
2516 1
2517 1
2518 4
2519 18
2520 5
2521 3
2522 7
2523 1
2524 4
2525 1
2526 2
2527 5
2528 1
2529 7
2530 1
2531 3
2532 7
2533 3
2534 6
2535 23
2536 4
2537 5
2538 65
2539 47
2540 2
2541 2
2542 7
2543 12
2544 1
2545 14
2546 28
2547 13
2548 8
2549 13
2550 22
2551 13
2552 1
2553 1
2554 2
2555 7
2556 9
2557 3
2558 56
2559 1
2560 21
2561 30
2562 1
2563 1
2564 4
2565 3
2566 3
2567 12
2568 23
2569 12
2570 3
2571 30
2572 9
2573 14
2574 39
2575 9
2576 15
2577 2
2578 1
2579 1
2580 2
2581 1
2582 2
2583 11
2584 11
2585 3
2586 7
2587 7
2588 3
2589 14
2590 2
2591 1
2592 32
2593 7
2594 2
2595 1
2596 11
2597 14
2598 35
2599 1
2600 20
2601 38
2602 8
2603 41
2604 10
2605 3
2606 6
2607 15
2608 9
2609 3
2610 50
2611 4
2612 74
2613 2
2614 1
2615 2
2616 16
2617 17
2618 93
2619 7
2620 5
2621 14
2622 1
2623 1
2624 19
2625 4
2626 1
2627 3
2628 3
2629 6
2630 1
2631 1
2632 35
2633 9
2634 2
2635 4
2636 8
2637 1
2638 2
2639 13
2640 2
2641 1
2642 3
2643 15
2644 5
2645 4
2646 1
2647 1
2648 29
2649 16
2650 1
2651 1
2652 1
2653 2
2654 111
2655 2
2656 4
2657 18
2658 2
2659 2
2660 36
2661 11
2662 17
2663 14
2664 1
2665 2
2666 2
2667 9
2668 19
2669 1
2670 29
2671 5
2672 14
2673 7
2674 7
2675 4
2676 1
2677 3
2678 17
2679 1
2680 30
2681 5
2682 18
2683 16
2684 10
2685 6
2686 1
2687 9
2688 2
2689 2
2690 4
2691 7
2692 1
2693 22
2694 10
2695 6
2696 6
2697 43
2698 1
2699 4
2700 22
2701 11
2702 2
2703 1
2704 1
2705 3
2706 1
2707 1
2708 22
2709 1
2710 4
2711 4
2712 3
2713 3
2714 1
2715 1
2716 132
2717 55
2718 1
2719 190
2720 4
2721 25
2722 2
2723 2
2724 10
2725 1
2726 4
2727 1
2728 2
2729 9
2730 1
2731 1
2732 5
2733 1
2734 7
2735 10
2736 3
2737 6
2738 2
2739 5
2740 6
2741 6
2742 23
2743 21
2744 8
2745 2
2746 2
2747 4
2748 10
2749 3
2750 7
2751 2
2752 1
2753 2
2754 19
2755 5
2756 4
2757 2
2758 4
2759 2
2760 1
2761 2
2762 21
2763 3
2764 1
2765 4
2766 1
2767 1
2768 27
2769 5
2770 3
2771 32
2772 2
2773 1
2774 32
2775 4
2776 3
2777 27
2778 1
2779 4
2780 10
2781 5
2782 2
2783 3
2784 8
2785 2
2786 3
2787 7
2788 34
2789 24
2790 2
2791 1
2792 30
2793 5
2794 6
2795 2
2796 1
2797 3
2798 4
2799 6
2800 1
2801 8
2802 5
2803 8
2804 111
2805 4
2806 1
2807 44
2808 25
2809 2
2810 5
2811 1
2812 13
2813 5
2814 1
2815 2
2816 1
2817 5
2818 13
2819 4
2820 1
2821 5
2822 1
2823 2
2824 3
2825 4
2826 3
2827 1
2828 9
2829 6
2830 4
2831 3
2832 1
2833 2
2834 1
2835 4
2836 1
2837 16
2838 2
2839 1
2840 7
2841 1
2842 1
2843 1
2844 18
2845 3
2846 1
2847 5
2848 1
2849 25
2850 1
2851 1
2852 1
2853 1
2854 1
2855 2
2856 1
2857 8
2858 27
2859 1
2860 1
2861 9
2862 15
2863 4
2864 3
2865 4
2866 2
2867 2
2868 1
2869 3
2870 5
2871 16
2872 8
2873 1
2874 23
2875 3
2876 10
2877 11
2878 14
2879 4
2880 9
2881 2
2882 6
2883 29
2884 1
2885 1
2886 2
2887 8
2888 3
2889 2
2890 13
2891 17
2892 98
2893 2
2894 1
2895 7
2896 1
2897 4
2898 2
2899 35
2900 3
2901 2
2902 3
2903 12
2904 4
2905 1
2906 7
2907 16
2908 5
2909 1
2910 2
2911 3
2912 1
2913 2
2914 3
2915 1
2916 79
2917 1
2918 3
2919 81
2920 19
2921 6
2922 11
2923 93
2924 27
2925 2
2926 1
2927 19
2928 2
2929 1
2930 4
2931 2
2932 4
2933 17
2934 2
2935 59
2936 1
2937 33
2938 15
2939 4
2940 10
2941 9
2942 12
2943 30
2944 6
2945 3
2946 6
2947 6
2948 2
2949 27
2950 2
2951 28
2952 5
2953 2
2954 9
2955 11
2956 8
2957 1
2958 4
2959 3
2960 2
2961 4
2962 2
2963 5
2964 1
2965 25
2966 2
2967 8
2968 3
2969 1
2970 29
2971 4
2972 8
2973 1
2974 2
2975 1
2976 32
2977 4
2978 1
2979 1
2980 2
2981 24
2982 2
2983 5
2984 4
2985 7
2986 6
2987 16
2988 1
2989 2
2990 13
2991 1
2992 3
2993 1
2994 2
2995 5
2996 2
2997 2
2998 2
2999 1
3000 8
3001 5
3002 10
3003 2
3004 2
3005 23
3006 1
3007 1
3008 1
3009 13
3010 5
3011 2
3012 2
3013 3
3014 4
3015 2
3016 1
3017 5
3018 4
3019 24
3020 6
3021 26
3022 2
3023 41
3024 29
3025 2
3026 29
3027 2
3028 2
3029 2
3030 11
3031 1
3032 3
3033 1
3034 15
3035 2
3036 12
3037 16
3038 15
3039 1
3040 3
3041 2
3042 4
3043 3
3044 9
3045 158
3046 1
3047 4
3048 2
3049 3
3050 104
3051 30
3052 2
3053 5
3054 3
3055 1
3056 1
3057 10
3058 2
3059 5
3060 29
3061 2
3062 4
3063 1
3064 3
3065 4
3066 1
3067 2
3068 7
3069 7
3070 4
3071 1
3072 2
3073 1
3074 1
3075 3
3076 1
3077 21
3078 10
3079 1
3080 3
3081 9
3082 2
3083 6
3084 4
3085 21
3086 3
3087 25
3088 5
3089 1
3090 1
3091 2
3092 13
3093 3
3094 9
3095 2
3096 2
3097 5
3098 2
3099 1
3100 6
3101 3
3102 1
3103 3
3104 12
3105 9
3106 3
3107 2
3108 1
3109 6
3110 1
3111 2
3112 7
3113 10
3114 2
3115 2
3116 2
3117 2
3118 79
3119 1
3120 1
3121 4
3122 6
3123 2
3124 7
3125 1
3126 3
3127 1
3128 1
3129 1
3130 1
3131 1
3132 15
3133 1
3134 75
3135 7
3136 5
3137 2
3138 7
3139 3
3140 8
3141 3
3142 2
3143 2
3144 1
3145 1
3146 2
3147 2
3148 1
3149 13
3150 10
3151 10
3152 2
3153 1
3154 3
3155 23
3156 5
3157 2
3158 7
3159 3
3160 2
3161 3
3162 1
3163 1
3164 20
3165 1
3166 4
3167 2
3168 3
3169 3
3170 2
3171 3
3172 1
3173 1
3174 3
3175 2
3176 2
3177 27
3178 2
3179 2
3180 1
3181 2
3182 11
3183 3
3184 2
3185 5
3186 2
3187 13
3188 7
3189 3
3190 5
3191 2
3192 2
3193 3
3194 7
3195 6
3196 23
3197 3
3198 3
3199 7
3200 2
3201 2
3202 14
3203 10
3204 63
3205 18
3206 3
3207 1
3208 1
3209 2
3210 1
3211 1
3212 38
3213 4
3214 1
3215 2
3216 1
3217 3
3218 2
3219 31
3220 1
3221 9
3222 1
3223 1
3224 1
3225 5
3226 1
3227 2
3228 6
3229 1
3230 13
3231 1
3232 4
3233 17
3234 2
3235 1
3236 3
3237 42
3238 17
3239 1
3240 2
3241 3
3242 2
3243 1
3244 12
3245 4
3246 3
3247 1
3248 1
3249 1
3250 3
3251 1
3252 1
3253 6
3254 3
3255 3
3256 1
3257 1
3258 4
3259 6
3260 4
3261 7
3262 35
3263 3
3264 1
3265 17
3266 6
3267 1
3268 2
3269 7
3270 1
3271 2
3272 2
3273 36
3274 4
3275 4
3276 4
3277 1
3278 1
3279 12
3280 4
3281 3
3282 4
3283 3
3284 2
3285 1
3286 3
3287 3
3288 7
3289 4
3290 3
3291 1
3292 4
3293 8
3294 14
3295 6
3296 1
3297 2
3298 11
3299 4
3300 1
3301 2
3302 1
3303 1
3304 4
3305 4
3306 4
3307 22
3308 2
3309 5
3310 1
3311 3
3312 4
3313 2
3314 2
3315 1
3316 7
3317 3
3318 18
3319 30
3320 23
3321 2
3322 4
3323 1
3324 1
3325 10
3326 1
3327 2
3328 1
3329 1
3330 1
3331 5
3332 1
3333 18
3334 7
3335 2
3336 3
3337 5
3338 15
3339 8
3340 2
3341 10
3342 4
3343 1
3344 9
3345 8
3346 1
3347 137
3348 4
3349 59
3350 6
3351 4
3352 50
3353 1
3354 2
3355 1
3356 5
3357 5
3358 1
3359 35
3360 3
3361 7
3362 2
3363 1
3364 1
3365 1
3366 2
3367 3
3368 7
3369 19
3370 5
3371 8
3372 2
3373 2
3374 18
3375 2
3376 23
3377 5
3378 7
3379 12
3380 1
3381 3
3382 1
3383 3
3384 4
3385 2
3386 7
3387 1
3388 2
3389 4
3390 2
3391 2
3392 3
3393 2
3394 183
3395 209
3396 196
3397 183
3398 221
3399 3
3400 2
3401 5
3402 3
3403 1
3404 2
3405 2
3406 3
3407 2
3408 16
3409 2
3410 5
3411 12
3412 2
3413 20
3414 1
3415 1
3416 9
3417 2
3418 12
3419 1
3420 4
3421 1
3422 2
3423 1
3424 7
3425 17
3426 2
3427 1
3428 17
3429 20
3430 6
3431 8
3432 5
3433 4
3434 1
3435 1
3436 2
3437 3
3438 7
3439 1
3440 2
3441 4
3442 11
3443 18
3444 13
3445 1
3446 2
3447 13
3448 28
3449 1
3450 3
3451 4
3452 1
3453 1
3454 3
3455 3
3456 12
3457 7
3458 37
3459 1
3460 1
3461 1
3462 2
3463 11
3464 2
3465 7
3466 2
3467 1
3468 2
3469 2
3470 71
3471 6
3472 1
3473 4
3474 2
3475 6
3476 29
3477 1
3478 6
3479 3
3480 1
3481 2
3482 4
3483 1
3484 9
3485 1
3486 20
3487 15
3488 24
3489 2
3490 7
3491 7
3492 2
3493 6
3494 8
3495 3
3496 2
3497 1
3498 5
3499 1
3500 15
3501 2
3502 2
3503 1
3504 4
3505 6
3506 25
3507 3
3508 2
3509 11
3510 2
3511 4
3512 1
3513 1
3514 4
3515 1
3516 6
3517 6
3518 3
3519 2
3520 3
3521 3
3522 1
3523 1
3524 1
3525 1
3526 2
3527 4
3528 2
3529 1
3530 2
3531 3
3532 19
3533 1
3534 1
3535 1
3536 6
3537 17
3538 3
3539 2
3540 36
3541 2
3542 1
3543 1
3544 1
3545 2
3546 1
3547 3
3548 1
3549 3
3550 6
3551 5
3552 6
3553 1
3554 3
3555 5
3556 15
3557 39
3558 6
3559 1
3560 6
3561 3
3562 1
3563 6
3564 1
3565 3
3566 3
3567 1
3568 1
3569 6
3570 7
3571 2
3572 2
3573 1
3574 5
3575 22
3576 25
3577 1
3578 4
3579 10
3580 6
3581 1
3582 1
3583 1
3584 9
3585 13
3586 28
3587 1
3588 4
3589 2
3590 44
3591 2
3592 5
3593 4
3594 2
3595 1
3596 17
3597 2
3598 1
3599 18
3600 4
3601 7
3602 4
3603 4
3604 6
3605 4
3606 10
3607 1
3608 289
3609 1
3610 4
3611 55
3612 1
3613 8
3614 40
3615 11
3616 2
3617 3
3618 3
3619 4
3620 8
3621 7
3622 3
3623 4
3624 37
3625 2
3626 2
3627 1
3628 19
3629 17
3630 2
3631 2
3632 2
3633 1
3634 3
3635 14
3636 2
3637 1
3638 1
3639 1
3640 2
3641 8
3642 4
3643 1
3644 3
3645 17
3646 2
3647 2
3648 10
3649 5
3650 10
3651 1
3652 37
3653 4
3654 1
3655 3
3656 3
3657 3
3658 2
3659 4
3660 2
3661 3
3662 1
3663 5
3664 8
3665 2
3666 2
3667 10
3668 1
3669 11
3670 2
3671 14
3672 3
3673 1
3674 2
3675 7
3676 2
3677 4
3678 1
3679 1
3680 4
3681 2
3682 1
3683 4
3684 6
3685 7
3686 1
3687 92
3688 4
3689 8
3690 2
3691 8
3692 3
3693 7
3694 8
3695 5
3696 4
3697 1
3698 2
3699 4
3700 1
3701 2
3702 4
3703 2
3704 1
3705 3
3706 1
3707 4
3708 1
3709 6
3710 1
3711 1
3712 6
3713 9
3714 4
3715 7
3716 2
3717 7
3718 6
3719 1
3720 1
3721 1
3722 2
3723 5
3724 8
3725 14
3726 11
3727 1
3728 4
3729 8
3730 32
3731 2
3732 6
3733 2
3734 4
3735 6
3736 2
3737 4
3738 1
3739 1
3740 2
3741 2
3742 6
3743 3
3744 1
3745 20
3746 1
3747 3
3748 8
3749 14
3750 4
3751 1
3752 6
3753 2
3754 3
3755 10
3756 12
3757 1
3758 1
3759 9
3760 6
3761 13
3762 8
3763 1
3764 20
3765 7
3766 7
3767 2
3768 1
3769 5
3770 1
3771 3
3772 1
3773 3
3774 4
3775 6
3776 6
3777 7
3778 1
3779 3
3780 60
3781 19
3782 3
3783 1
3784 1
3785 8
3786 1
3787 8
3788 4
3789 1
3790 3
3791 8
3792 9
3793 2
3794 1
3795 8
3796 5
3797 8
3798 5
3799 2
3800 1
3801 18
3802 1
3803 6
3804 3
3805 5
3806 2
3807 4
3808 5
3809 10
3810 1
3811 10
3812 2
3813 2
3814 20
3815 9
3816 2
3817 2
3818 1
3819 4
3820 1
3821 5
3822 1
3823 1
3824 7
3825 1
3826 8
3827 1
3828 1
3829 1
3830 1
3831 1
3832 3
3833 3
3834 1
3835 2
3836 5
3837 331
3838 13
3839 1
3840 1
3841 3
3842 9
3843 14
3844 4
3845 5
3846 4
3847 10
3848 1
3849 3
3850 31
3851 4
3852 1
3853 4
3854 5
3855 10
3856 20
3857 27
3858 3
3859 4
3860 1
3861 28
3862 1
3863 5
3864 2
3865 1
3866 1
3867 1
3868 1
3869 1
3870 5
3871 4
3872 3
3873 5
3874 3
3875 8
3876 2
3877 5
3878 8
3879 9
3880 5
3881 8
3882 5
3883 4
3884 3
3885 4
3886 44
3887 21
3888 6
3889 5
3890 1
3891 2
3892 6
3893 13
3894 7
3895 1
3896 8
3897 2
3898 4
3899 1
3900 3
3901 3
3902 4
3903 1
3904 4
3905 1
3906 1
3907 15
3908 8
3909 12
3910 8
3911 1
3912 1
3913 1
3914 1
3915 21
3916 13
3917 5
3918 16
3919 5
3920 6
3921 3
3922 8
3923 13
3924 5
3925 4
3926 2
3927 16
3928 18
3929 3
3930 1
3931 2
3932 1
3933 1
3934 5
3935 5
3936 9
3937 4
3938 2
3939 1
3940 20
3941 1
3942 3
3943 2
3944 2
3945 1
3946 8
3947 6
3948 2
3949 1
3950 39
3951 9
3952 9
3953 1
3954 5
3955 1
3956 2
3957 10
3958 4
3959 1
3960 1
3961 1
3962 3
3963 1
3964 1
3965 1
3966 2
3967 1
3968 2
3969 1
3970 2
3971 30
3972 1
3973 9
3974 1
3975 14
3976 1
3977 37
3978 1
3979 1
3980 5
3981 17
3982 12
3983 1
3984 6
3985 74
3986 6
3987 7
3988 2
3989 4
3990 1
3991 1
3992 9
3993 8
3994 2
3995 1
3996 2
3997 6
3998 21
3999 16
4000 13
4001 4
4002 4
4003 1
4004 16
4005 1
4006 2
4007 2
4008 2
4009 8
4010 3
4011 41
4012 1
4013 9
4014 3
4015 9
4016 4
4017 2
4018 2
4019 1
4020 1
4021 2
4022 4
4023 1
4024 8
4025 2
4026 5
4027 8
4028 1
4029 4
4030 5
4031 1
4032 4
4033 1
4034 1
4035 6
4036 5
4037 1
4038 5
4039 6
4040 2
4041 83
4042 4
4043 12
4044 3
4045 6
4046 2
4047 7
4048 1
4049 6
4050 1
4051 2
4052 1
4053 1
4054 7
4055 2
4056 2
4057 1
4058 10
4059 1
4060 1
4061 1
4062 7
4063 4
4064 31
4065 1
4066 3
4067 5
4068 1
4069 5
4070 1
4071 4
4072 1
4073 2
4074 6
4075 7
4076 13
4077 2
4078 2
4079 7
4080 11
4081 12
4082 1
4083 10
4084 1
4085 4
4086 5
4087 7
4088 5
4089 1
4090 1
4091 1
4092 28
4093 55
4094 1
4095 5
4096 7
4097 7
4098 11
4099 1
4100 2
4101 1
4102 20
4103 1
4104 1
4105 13
4106 2
4107 5
4108 5
4109 1
4110 11
4111 4
4112 1
4113 2
4114 35
4115 4
4116 3
4117 3
4118 8
4119 2
4120 3
4121 3
4122 3
4123 1
4124 3
4125 1
4126 10
4127 1
4128 1
4129 1
4130 8
4131 5
4132 1
4133 1
4134 1
4135 1
4136 20
4137 6
4138 4
4139 2
4140 1
4141 11
4142 5
4143 1
4144 3
4145 12
4146 1
4147 3
4148 5
4149 2
4150 2
4151 1
4152 399
4153 11
4154 1
4155 4
4156 8
4157 4
4158 19
4159 19
4160 7
4161 78
4162 1
4163 6
4164 1
4165 1
4166 4
4167 4
4168 1
4169 4
4170 20
4171 9
4172 2
4173 1
4174 3
4175 3
4176 11
4177 1
4178 2
4179 1
4180 14
4181 8
4182 6
4183 1
4184 1
4185 10
4186 1
4187 2
4188 1
4189 4
4190 6
4191 30
4192 3
4193 1
4194 2
4195 24
4196 3
4197 1
4198 17
4199 1
4200 2
4201 1
4202 1
4203 3
4204 11
4205 4
4206 10
4207 1
4208 7
4209 3
4210 1
4211 2
4212 1
4213 1
4214 2
4215 3
4216 4
4217 3
4218 4
4219 5
4220 9
4221 5
4222 7
4223 2
4224 1
4225 40
4226 1
4227 3
4228 1
4229 10
4230 2
4231 12
4232 4
4233 1
4234 34
4235 1
4236 1
4237 1
4238 3
4239 2
4240 1
4241 9
4242 2
4243 2
4244 1
4245 1
4246 4
4247 1
4248 1
4249 10
4250 9
4251 14
4252 4
4253 1
4254 29
4255 1
4256 13
4257 16
4258 4
4259 6
4260 3
4261 2
4262 1
4263 1
4264 1
4265 5
4266 26
4267 1
4268 40
4269 2
4270 1
4271 7
4272 1
4273 2
4274 1
4275 8
4276 1
4277 5
4278 1
4279 14
4280 8
4281 3
4282 2
4283 6
4284 11
4285 1
4286 14
4287 2
4288 6
4289 1
4290 2
4291 7
4292 20
4293 16
4294 2
4295 1
4296 6
4297 5
4298 4
4299 8
4300 6
4301 1
4302 8
4303 1
4304 6
4305 1
4306 1
4307 1
4308 26
4309 3
4310 2
4311 2
4312 4
4313 1
4314 1
4315 3
4316 23
4317 3
4318 18
4319 3
4320 8
4321 5
4322 2
4323 3
4324 2
4325 8
4326 3
4327 1
4328 2
4329 3
4330 4
4331 9
4332 1
4333 4
4334 4
4335 1
4336 18
4337 6
4338 1
4339 1
4340 2
4341 2
4342 4
4343 1
4344 3
4345 2
4346 2
4347 6
4348 19
4349 11
4350 3
4351 17
4352 9
4353 4
4354 1
4355 4
4356 2
4357 10
4358 2
4359 1
4360 3
4361 10
4362 12
4363 1
4364 1
4365 5
4366 2
4367 6
4368 1
4369 3
4370 4
4371 2
4372 2
4373 30
4374 2
4375 1
4376 10
4377 4
4378 1
4379 11
4380 2
4381 4
4382 1
4383 24
4384 1
4385 145
4386 39
4387 5
4388 2
4389 3
4390 1
4391 1
4392 2
4393 18
4394 1
4395 11
4396 4
4397 1
4398 2
4399 5
4400 12
4401 4
4402 4
4403 1
4404 13
4405 1
4406 4
4407 10
4408 7
4409 1
4410 1
4411 7
4412 4
4413 7
4414 7
4415 5
4416 2
4417 5
4418 19
4419 1
4420 17
4421 1
4422 8
4423 32
4424 3
4425 6
4426 5
4427 39
4428 5
4429 3
4430 3
4431 1
4432 1
4433 6
4434 2
4435 2
4436 5
4437 10
4438 1
4439 3
4440 1
4441 7
4442 1
4443 2
4444 2
4445 2
4446 1
4447 1
4448 13
4449 1
4450 1
4451 5
4452 1
4453 13
4454 4
4455 1
4456 9
4457 24
4458 1
4459 3
4460 1
4461 1
4462 1
4463 3
4464 6
4465 5
4466 14
4467 32
4468 3
4469 7
4470 2
4471 5
4472 6
4473 1
4474 3
4475 3
4476 1
4477 7
4478 5
4479 1
4480 5
4481 13
4482 2
4483 1
4484 4
4485 1
4486 1
4487 5
4488 1
4489 2
4490 2
4491 1
4492 3
4493 8
4494 1
4495 4
4496 2
4497 1
4498 1
4499 1
4500 3
4501 2
4502 1
4503 1
4504 6
4505 13
4506 17
4507 1
4508 4
4509 13
4510 3
4511 2
4512 31
4513 1
4514 1
4515 4
4516 11
4517 1
4518 1
4519 6
4520 6
4521 52
4522 1
4523 1
4524 3
4525 1
4526 2
4527 13
4528 2
4529 5
4530 5
4531 5
4532 6
4533 3
4534 1
4535 21
4536 3
4537 12
4538 19
4539 1
4540 3
4541 7
4542 1
4543 5
4544 5
4545 4
4546 31
4547 4
4548 6
4549 14
4550 2
4551 2
4552 2
4553 5
4554 1
4555 8
4556 4
4557 1
4558 1
4559 4
4560 5
4561 1
4562 7
4563 3
4564 1
4565 1
4566 1
4567 1
4568 12
4569 4
4570 3
4571 2
4572 1
4573 2
4574 28
4575 10
4576 4
4577 16
4578 1
4579 1
4580 5
4581 22
4582 11
4583 5
4584 5
4585 1
4586 1
4587 1
4588 14
4589 3
4590 3
4591 5
4592 3
4593 3
4594 2
4595 7
4596 16
4597 1
4598 2
4599 1
4600 1
4601 20
4602 2
4603 3
4604 36
4605 1
4606 3
4607 1
4608 6
4609 5
4610 1
4611 9
4612 27
4613 5
4614 4
4615 1
4616 4
4617 31
4618 3
4619 1
4620 3
4621 1
4622 1
4623 1
4624 1
4625 10
4626 1
4627 1
4628 18
4629 1
4630 1
4631 1
4632 3
4633 1
4634 16
4635 1
4636 1
4637 1
4638 1
4639 6
4640 1
4641 4
4642 5
4643 1
4644 6
4645 5
4646 4
4647 2
4648 6
4649 2
4650 1
4651 4
4652 5
4653 3
4654 5
4655 1
4656 34
4657 2
4658 7
4659 1
4660 1
4661 2
4662 5
4663 1
4664 4
4665 1
4666 2
4667 2
4668 2
4669 403
4670 3
4671 2
4672 20
4673 1
4674 3
4675 16
4676 6
4677 4
4678 6
4679 2
4680 1
4681 5
4682 1
4683 5
4684 4
4685 7
4686 1
4687 2
4688 7
4689 2
4690 1
4691 1
4692 2
4693 50
4694 5
4695 4
4696 1
4697 1
4698 1
4699 28
4700 1
4701 1
4702 3
4703 13
4704 10
4705 17
4706 2
4707 2
4708 1
4709 3
4710 7
4711 5
4712 7
4713 4
4714 2
4715 1
4716 2
4717 4
4718 3
4719 4
4720 2
4721 5
4722 2
4723 1
4724 3
4725 10
4726 1
4727 1
4728 9
4729 7
4730 2
4731 2
4732 2
4733 2
4734 1
4735 14
4736 3
4737 3
4738 7
4739 1
4740 3
4741 3
4742 1
4743 10
4744 1
4745 2
4746 5
4747 3
4748 1
4749 2
4750 6
4751 1
4752 4
4753 6
4754 1
4755 5
4756 5
4757 1
4758 5
4759 1
4760 2
4761 1
4762 45
4763 1
4764 5
4765 1
4766 6
4767 1
4768 1
4769 3
4770 1
4771 3
4772 4
4773 9
4774 1
4775 2
4776 10
4777 3
4778 9
4779 3
4780 3
4781 5
4782 6
4783 2
4784 3
4785 9
4786 2
4787 1
4788 2
4789 5
4790 3
4791 1
4792 3
4793 12
4794 6
4795 5
4796 5
4797 3
4798 29
4799 2
4800 10
4801 5
4802 10
4803 2
4804 1
4805 1
4806 1
4807 12
4808 6
4809 3
4810 41
4811 5
4812 38
4813 2
4814 20
4815 1
4816 1
4817 2
4818 14
4819 6
4820 5
4821 1
4822 2
4823 1
4824 2
4825 1
4826 3
4827 10
4828 1
4829 3
4830 1
4831 3
4832 1
4833 4
4834 1
4835 16
4836 4
4837 1
4838 3
4839 1
4840 2
4841 1
4842 7
4843 1
4844 4
4845 2
4846 11
4847 6
4848 5
4849 2
4850 5
4851 12
4852 7
4853 1
4854 1
4855 1
4856 8
4857 10
4858 5
4859 3
4860 2
4861 1
4862 4
4863 1
4864 2
4865 1
4866 4
4867 7
4868 2
4869 2
4870 3
4871 2
4872 2
4873 2
4874 4
4875 1
4876 1
4877 2
4878 6
4879 2
4880 4
4881 3
4882 11
4883 7
4884 1
4885 1
4886 2
4887 4
4888 3
4889 5
4890 3
4891 3
4892 1
4893 3
4894 2
4895 1
4896 1
4897 1
4898 5
4899 1
4900 1
4901 1
4902 2
4903 8
4904 3
4905 3
4906 13
4907 7
4908 6
4909 1
4910 1
4911 12
4912 1
4913 2
4914 1
4915 1
4916 1
4917 2
4918 3
4919 1
4920 4
4921 9
4922 1
4923 3
4924 1
4925 1
4926 1
4927 1
4928 37
4929 7
4930 2
4931 16
4932 10
4933 21
4934 1
4935 1
4936 3
4937 6
4938 2
4939 6
4940 11
4941 3
4942 1
4943 3
4944 21
4945 2
4946 1
4947 2
4948 5
4949 1
4950 9
4951 1
4952 27
4953 1
4954 4
4955 3
4956 9
4957 19
4958 1
4959 13
4960 10
4961 22
4962 20
4963 1
4964 21
4965 4
4966 2
4967 9
4968 1
4969 1
4970 1
4971 1
4972 25
4973 1
4974 15
4975 4
4976 1
4977 4
4978 14
4979 2
4980 6
4981 1
4982 11
4983 1
4984 1
4985 1
4986 4
4987 2
4988 1
4989 2
4990 1
4991 2
4992 1
4993 18
4994 1
4995 1
4996 3
4997 5
4998 1
4999 2
5000 1
5001 1
5002 1
5003 2
5004 25
5005 1
5006 1
5007 1
5008 3
5009 9
5010 23
5011 1
5012 3
5013 1
5014 2
5015 1
5016 1
5017 4
5018 21
5019 1
5020 1
5021 3
5022 4
5023 1
5024 2
5025 1
5026 1
5027 2
5028 1
5029 4
5030 1
5031 3
5032 10
5033 1
5034 17
5035 5
5036 3
5037 1
5038 1
5039 1
5040 1
5041 2
5042 2
5043 2
5044 32
5045 2
5046 1
5047 13
5048 5
5049 8
5050 1
5051 5
5052 5
5053 6
5054 2
5055 3
5056 1
5057 1
5058 2
5059 1
5060 3
5061 4
5062 1
5063 8
5064 4
5065 5
5066 3
5067 1
5068 3
5069 5
5070 11
5071 3
5072 2
5073 1
5074 2
5075 3
5076 1
5077 1
5078 12
5079 6
5080 1
5081 1
5082 2
5083 2
5084 27
5085 1
5086 7
5087 3
5088 17
5089 1
5090 4
5091 2
5092 13
5093 1
5094 5
5095 1
5096 10
5097 3
5098 3
5099 5
5100 1
5101 1
5102 1
5103 4
5104 5
5105 2
5106 1
5107 4
5108 5
5109 1
5110 1
5111 5
5112 3
5113 8
5114 18
5115 18
5116 5
5117 2
5118 2
5119 5
5120 5
5121 6
5122 3
5123 1
5124 12
5125 4
5126 1
5127 1
5128 1
5129 4
5130 2
5131 1
5132 9
5133 2
5134 2
5135 5
5136 3
5137 1
5138 1
5139 2
5140 1
5141 5
5142 4
5143 54
5144 6
5145 6
5146 1
5147 3
5148 12
5149 3
5150 57
5151 1
5152 1
5153 2
5154 2
5155 2
5156 1
5157 8
5158 3
5159 8
5160 4
5161 4
5162 1
5163 8
5164 1
5165 1
5166 1
5167 29
5168 5
5169 18
5170 2
5171 1
5172 5
5173 8
5174 1
5175 3
5176 1
5177 3
5178 2
5179 1
5180 1
5181 3
5182 1
5183 4
5184 17
5185 1
5186 5
5187 1
5188 2
5189 1
5190 1
5191 6
5192 10
5193 2
5194 3
5195 2
5196 1
5197 1
5198 2
5199 79
5200 1
5201 1
5202 1
5203 1
5204 3
5205 1
5206 1
5207 4
5208 1
5209 1
5210 1
5211 4
5212 2
5213 1
5214 1
5215 1
5216 3
5217 1
5218 1
5219 2
5220 4
5221 1
5222 1
5223 1
5224 2
5225 2
5226 1
5227 4
5228 6
5229 2
5230 8
5231 2
5232 2
5233 117
5234 3
5235 1
5236 1
5237 1
5238 12
5239 13
5240 1
5241 16
5242 16
5243 1
5244 3
5245 1
5246 3
5247 2
5248 2
5249 2
5250 2
5251 4
5252 15
5253 1
5254 8
5255 3
5256 4
5257 35
5258 12
5259 1
5260 8
5261 1
5262 1
5263 5
5264 5
5265 2
5266 8
5267 1
5268 1
5269 1
5270 1
5271 1
5272 1
5273 2
5274 1
5275 1
5276 1
5277 1
5278 1
5279 1
5280 1
5281 1
5282 1
5283 2
5284 1
5285 1
5286 1
5287 1
5288 1
5289 1
5290 1
5291 4
5292 1
5293 1
5294 1
5295 1
5296 1
5297 194
5298 2
5299 1
5300 5
5301 1
5302 1
5303 2
5304 4
5305 4
5306 2
5307 3
5308 1
5309 1
5310 11
5311 1
5312 3
5313 2
5314 4
5315 8
5316 1
5317 2
5318 7
5319 1
5320 1
5321 4
5322 1
5323 4
5324 2
5325 6
5326 2
5327 1
5328 4
5329 1
5330 1
5331 5
5332 2
5333 3
5334 1
5335 8
5336 1
5337 10
5338 8
5339 1
5340 1
5341 2
5342 1
5343 10
5344 5
5345 2
5346 8
5347 4
5348 3
5349 6
5350 1
5351 2
5352 4
5353 3
5354 1
5355 3
5356 3
5357 1
5358 1
5359 1
5360 6
5361 3
5362 1
5363 2
5364 10
5365 22
5366 1
5367 1
5368 7
5369 1
5370 10
5371 1
5372 2
5373 1
5374 1
5375 5
5376 6
5377 1
5378 5
5379 50
5380 2
5381 1
5382 2
5383 1
5384 1
5385 1
5386 4
5387 2
5388 1
5389 5
5390 1
5391 2
5392 3
5393 1
5394 3
5395 1
5396 3
5397 1
5398 1
5399 1
5400 1
5401 1
5402 1
5403 1
5404 1
5405 1
5406 1
5407 1
5408 1
5409 1
5410 1
5411 1
5412 1
5413 4
5414 4
5415 5
5416 1
5417 1
5418 5
5419 2
5420 2
5421 9
5422 1
5423 2
5424 5
5425 3
5426 8
5427 1
5428 2
5429 1
5430 4
5431 1
5432 2
5433 4
5434 6
5435 8
5436 1
5437 2
5438 1
5439 1
5440 13
5441 1
5442 2
5443 1
5444 1
5445 5
5446 4
5447 7
5448 2
5449 89
5450 5
5451 1
5452 2
5453 4
5454 1
5455 3
5456 5
5457 4
5458 1
5459 1
5460 12
5461 1
5462 1
5463 4
5464 2
5465 2
5466 1
5467 1
5468 2
5469 5
5470 5
5471 3
5472 1
5473 1
5474 1
5475 1
5476 4
5477 2
5478 1
5479 1
5480 3
5481 1
5482 2
5483 8
5484 1
5485 3
5486 1
5487 1
5488 15
5489 7
5490 5
5491 1
5492 4
5493 1
5494 1
5495 9
5496 1
5497 2
5498 1
5499 29
5500 2
5501 3
5502 1
5503 1
5504 1
5505 1
5506 1
5507 1
5508 1
5509 1
5510 1
5511 2
5512 1
5513 4
5514 1
5515 6
5516 5
5517 20
5518 2
5519 3
5520 26
5521 2
5522 5
5523 8
5524 8
5525 5
5526 4
5527 4
5528 1
5529 4
5530 1
5531 1
5532 3
5533 1
5534 6
5535 2
5536 2
5537 3
5538 2
5539 8
5540 1
5541 8
5542 7
5543 1
5544 5
5545 10
5546 1
5547 4
5548 4
5549 5
5550 2
5551 3
5552 3
5553 11
5554 1
5555 9
5556 12
5557 4
5558 1
5559 15
5560 1
5561 1
5562 1
5563 1
5564 3
5565 5
5566 2
5567 2
5568 2
5569 1
5570 1
5571 5
5572 6
5573 3
5574 5
5575 3
5576 19
5577 9
5578 10
5579 4
5580 1
5581 4
5582 7
5583 1
5584 1
5585 3
5586 2
5587 1
5588 4
5589 2
5590 8
5591 4
5592 1
5593 2
5594 12
5595 1
5596 1
5597 15
5598 1
5599 1
5600 1
5601 13
5602 1
5603 2
5604 5
5605 10
5606 2
5607 1
5608 2
5609 2
5610 14
5611 7
5612 5
5613 2
5614 3
5615 27
5616 1
5617 1
5618 5
5619 2
5620 5
5621 1
5622 18
5623 1
5624 3
5625 7
5626 5
5627 1
5628 8
5629 2
5630 1
5631 90
5632 6
5633 1
5634 6
5635 10
5636 4
5637 8
5638 1
5639 6
5640 2
5641 12
5642 32
5643 2
5644 3
5645 3
5646 13
5647 5
5648 11
5649 2
5650 3
5651 14
5652 2
5653 2
5654 1
5655 3
5656 4
5657 3
5658 1
5659 1
5660 4
5661 16
5662 1
5663 1
5664 1
5665 11
5666 1
5667 1
5668 5
5669 5
5670 3
5671 2
5672 6
5673 1
5674 2
5675 1
5676 2
5677 3
5678 1
5679 9
5680 6
5681 3
5682 7
5683 3
5684 5
5685 1
5686 2
5687 2
5688 1
5689 6
5690 2
5691 209
5692 2
5693 2
5694 10
5695 2
5696 1
5697 5
5698 2
5699 43
5700 45
5701 7
5702 1
5703 2
5704 2
5705 6
5706 5
5707 6
5708 4
5709 3
5710 1
5711 5
5712 84
5713 4
5714 8
5715 1
5716 6
5717 3
5718 22
5719 2
5720 4
5721 2
5722 3
5723 2
5724 6
5725 1
5726 3
5727 1
5728 4
5729 11
5730 4
5731 9
5732 4
5733 3
5734 4
5735 1
5736 3
5737 4
5738 2
5739 6
5740 4
5741 27
5742 47
5743 7
5744 6
5745 8
5746 16
5747 1
5748 1
5749 2
5750 3
5751 4
5752 6
5753 3
5754 2
5755 2
5756 1
5757 3
5758 1
5759 1
5760 3
5761 1
5762 2
5763 3
5764 8
5765 4
5766 4
5767 4
5768 2
5769 33
5770 2
5771 2
5772 5
5773 7
5774 3
5775 8
5776 1
5777 2
5778 8
5779 7
5780 5
5781 3
5782 1
5783 2
5784 5
5785 3
5786 1
5787 7
5788 2
5789 4
5790 1
5791 2
5792 15
5793 7
5794 2
5795 1
5796 8
5797 2
5798 1
5799 1
5800 9
5801 2
5802 2
5803 2
5804 11
5805 5
5806 5
5807 1
5808 1
5809 4
5810 3
5811 6
5812 1
5813 2
5814 1
5815 1
5816 1
5817 14
5818 1
5819 1
5820 1
5821 5
5822 2
5823 5
5824 1
5825 9
5826 2
5827 9
5828 1
5829 1
5830 1
5831 1
5832 1
5833 1
5834 1
5835 1
5836 1
5837 1
5838 4
5839 4
5840 1
5841 1
5842 1
5843 2
5844 1
5845 1
5846 13
5847 5
5848 3
5849 1
5850 10
5851 1
5852 1
5853 1
5854 1
5855 1
5856 1
5857 1
5858 1
5859 1
5860 1
5861 1
5862 1
5863 7
5864 2
5865 33
5866 3
5867 5
5868 3
5869 8
5870 7
5871 6
5872 2
5873 12
5874 2
5875 3
5876 21
5877 2
5878 1
5879 5
5880 2
5881 1
5882 29
5883 3
5884 1
5885 4
5886 1
5887 27
5888 1
5889 2
5890 4
5891 1
5892 2
5893 1
5894 4
5895 8
5896 1
5897 6
5898 1
5899 1
5900 1
5901 2
5902 1
5903 2
5904 6
5905 6
5906 7
5907 3
5908 1
5909 1
5910 1
5911 2
5912 12
5913 5
5914 5
5915 3
5916 2
5917 39
5918 4
5919 1
5920 6
5921 1
5922 7
5923 1
5924 1
5925 5
5926 2
5927 5
5928 3
5929 1
5930 7
5931 1
5932 1
5933 2
5934 7
5935 7
5936 2
5937 3
5938 4
5939 1
5940 1
5941 9
5942 1
5943 4
5944 3
5945 1
5946 3
5947 2
5948 9
5949 4
5950 2
5951 10
5952 2
5953 3
5954 1
5955 14
5956 6
5957 1
5958 4
5959 10
5960 13
5961 5
5962 2
5963 1
5964 2
5965 7
5966 2
5967 5
5968 1
5969 1
5970 4
5971 4
5972 5
5973 6
5974 17
5975 2
5976 2
5977 1
5978 4
5979 6
5980 19
5981 6
5982 1
5983 1
5984 4
5985 4
5986 9
5987 1
5988 21
5989 9
5990 1
5991 7
5992 2
5993 2
5994 2
5995 2
5996 8
5997 2
5998 6
5999 13
6000 3
6001 4
6002 3
6003 4
6004 1
6005 1
6006 1
6007 2
6008 24
6009 10
6010 5
6011 5
6012 9
6013 13
6014 11
6015 20
6016 1
6017 1
6018 2
6019 1
6020 13
6021 1
6022 23
6023 31
6024 1
6025 4
6026 4
6027 1
6028 6
6029 3
6030 6
6031 1
6032 2
6033 5
6034 4
6035 35
6036 1
6037 7
6038 2
6039 1
6040 2
6041 16
6042 5
6043 5
6044 1
6045 2
6046 2
6047 2
6048 7
6049 3
6050 1
6051 37
6052 1
6053 5
6054 1
6055 7
6056 1
6057 12
6058 3
6059 20
6060 1
6061 3
6062 6
6063 2
6064 3
6065 2
6066 6
6067 1
6068 4
6069 1
6070 1
6071 3
6072 3
6073 4
6074 1
6075 3
6076 3
6077 1
6078 2
6079 7
6080 1
6081 63
6082 70
6083 17
6084 3
6085 1
6086 5
6087 2
6088 2
6089 5
6090 1
6091 2
6092 1
6093 1
6094 1
6095 16
6096 12
6097 2
6098 1
6099 3
6100 1
6101 1
6102 1
6103 6
6104 1
6105 24
6106 12
6107 2
6108 1
6109 1
6110 20
6111 3
6112 1
6113 5
6114 3
6115 18
6116 11
6117 1
6118 3
6119 2
6120 3
6121 4
6122 1
6123 2
6124 17
6125 1
6126 4
6127 2
6128 3
6129 3
6130 2
6131 2
6132 1
6133 8
6134 1
6135 1
6136 5
6137 1
6138 2
6139 3
6140 18
6141 3
6142 3
6143 7
6144 1
6145 2
6146 1
6147 2
6148 7
6149 2
6150 1
6151 3
6152 1
6153 1
6154 1
6155 2
6156 6
6157 1
6158 1
6159 1
6160 5
6161 6
6162 2
6163 3
6164 1
6165 29
6166 2
6167 3
6168 3
6169 4
6170 29
6171 4
6172 3
6173 6
6174 6
6175 3
6176 1
6177 6
6178 1
6179 3
6180 2
6181 1
6182 1
6183 14
6184 3
6185 2
6186 1
6187 1
6188 1
6189 3
6190 1
6191 4
6192 6
6193 5
6194 2
6195 3
6196 1
6197 5
6198 1
6199 2
6200 1
6201 1
6202 1
6203 9
6204 7
6205 1
6206 1
6207 2
6208 1
6209 1
6210 1
6211 8
6212 1
6213 1
6214 4
6215 1
6216 2
6217 7
6218 1
6219 1
6220 2
6221 1
6222 1
6223 1
6224 1
6225 3
6226 9
6227 2
6228 6
6229 1
6230 1
6231 2
6232 2
6233 3
6234 5
6235 1
6236 2
6237 2
6238 2
6239 23
6240 24
6241 4
6242 1
6243 1
6244 2
6245 1
6246 1
6247 1
6248 1
6249 2
6250 2
6251 3
6252 3
6253 1
6254 3
6255 1
6256 3
6257 1
6258 1
6259 1
6260 13
6261 2
6262 1
6263 2
6264 1
6265 1
6266 3
6267 1
6268 1
6269 11
6270 1
6271 3
6272 1
6273 1
6274 2
6275 1
6276 1
6277 3
6278 1
6279 3
6280 1
6281 2
6282 3
6283 1
6284 3
6285 1
6286 1
6287 1
6288 1
6289 1
6290 5
6291 1
6292 2
6293 4
6294 6
6295 2
6296 1
6297 3
6298 4
6299 1
6300 1
6301 1
6302 1
6303 1
6304 1
6305 1
6306 1
6307 1
6308 1
6309 1
6310 1
6311 1
6312 1
6313 1
6314 8
6315 2
6316 2
6317 1
6318 1
6319 1
6320 3
6321 1
6322 6
6323 3
6324 1
6325 1
6326 1
6327 1
6328 1
